      0.0000      1.0000     15.0000     15.0000      4.2785      0.6934      4.4862      0.0000  1.0000E-10      0.0000  2.0169E+03
      0.1280      1.0000     14.9987     14.9987      4.2806      0.6956      4.4856      0.0000  1.0000E-10      0.0000  2.0058E+03
      0.2561      1.0000     14.9974     14.9974      4.2827      0.6978      4.4850      0.0000  1.0000E-10     -0.0000  1.9948E+03
      0.3841      1.0000     14.9960     14.9960      4.2848      0.7000      4.4845      0.0000  1.0000E-10     -0.0000  1.9838E+03
      0.5122      1.0000     14.9947     14.9947      4.2870      0.7022      4.4839      0.0000  1.0000E-10     -0.0001  1.9728E+03
      0.6403      1.0000     14.9933     14.9933      4.2892      0.7045      4.4833      0.0000  1.0000E-10     -0.0002  1.9617E+03
      0.7684      1.0000     14.9919     14.9919      4.2915      0.7067      4.4828      0.0000  1.0000E-10     -0.0002  1.9507E+03
      0.8965      1.0000     14.9905     14.9905      4.2937      0.7089      4.4823      0.0000  1.0000E-10     -0.0004  1.9397E+03
      1.0247      1.0000     14.9891     14.9891      4.2961      0.7111      4.4817      0.0000  1.0000E-10     -0.0005  1.9287E+03
      1.1528      1.0000     14.9877     14.9877      4.2985      0.7133      4.4812      0.0000  1.0000E-10     -0.0006  1.9176E+03
      1.2810      1.0000     14.9862     14.9862      4.3009      0.7156      4.4807      0.0000  1.0000E-10     -0.0008  1.9066E+03
      1.4092      1.0000     14.9848     14.9848      4.3033      0.7178      4.4802      0.0000  1.0000E-10     -0.0009  1.8955E+03
      1.5374      1.0000     14.9833     14.9833      4.3058      0.7201      4.4797      0.0000  1.0000E-10     -0.0011  1.8844E+03
      1.6656      1.0000     14.9818     14.9818      4.3083      0.7224      4.4792      0.0000  1.0000E-10     -0.0014  1.8733E+03
      1.7939      1.0000     14.9803     14.9803      4.3109      0.7246      4.4787      0.0000  1.0000E-10     -0.0016  1.8621E+03
      1.9221      1.0000     14.9788     14.9788      4.3135      0.7269      4.4782      0.0000  1.0000E-10     -0.0019  1.8509E+03
      2.0504      1.0000     14.9772     14.9772      4.3162      0.7292      4.4777      0.0000  1.0000E-10     -0.0021  1.8397E+03
      2.1787      1.0000     14.9756     14.9756      4.3189      0.7315      4.4772      0.0000  1.0000E-10     -0.0025  1.8284E+03
      2.3070      1.0000     14.9741     14.9741      4.3216      0.7339      4.4767      0.0000  1.0000E-10     -0.0028  1.8171E+03
      2.4354      1.0000     14.9725     14.9725      4.3244      0.7362      4.4763      0.0000  1.0000E-10     -0.0031  1.8057E+03
      2.5637      1.0000     14.9708     14.9708      4.3272      0.7386      4.4758      0.0000  1.0000E-10     -0.0035  1.7943E+03
      2.6921      1.0000     14.9692     14.9692      4.3300      0.7410      4.4753      0.0000  1.0000E-10     -0.0039  1.7828E+03
      2.8205      1.0000     14.9675     14.9675      4.3329      0.7433      4.4748      0.0000  1.0000E-10     -0.0043  1.7713E+03
      2.9489      1.0000     14.9658     14.9658      4.3359      0.7458      4.4744      0.0000  1.0000E-10     -0.0048  1.7597E+03
      3.0774      1.0000     14.9641     14.9641      4.3388      0.7482      4.4739      0.0000  1.0000E-10     -0.0053  1.7481E+03
      3.2058      1.0000     14.9624     14.9624      4.3418      0.7507      4.4734      0.0000  1.0000E-10     -0.0058  1.7364E+03
      3.3343      1.0000     14.9606     14.9606      4.3449      0.7531      4.4729      0.0000  1.0000E-10     -0.0063  1.7246E+03
      3.4628      1.0000     14.9589     14.9589      4.3480      0.7556      4.4724      0.0000  1.0000E-10     -0.0069  1.7127E+03
      3.5914      1.0000     14.9571     14.9571      4.3511      0.7582      4.4720      0.0000  1.0000E-10     -0.0075  1.7008E+03
      3.7199      1.0000     14.9552     14.9552      4.3543      0.7607      4.4715      0.0000  1.0000E-10     -0.0081  1.6888E+03
      3.8485      1.0000     14.9534     14.9534      4.3575      0.7633      4.4710      0.0000  1.0000E-10     -0.0088  1.6767E+03
      3.9771      1.0000     14.9515     14.9515      4.3607      0.7659      4.4705      0.0000  1.0000E-10     -0.0095  1.6646E+03
      4.1057      1.0000     14.9496     14.9496      4.3640      0.7685      4.4700      0.0000  1.0000E-10     -0.0102  1.6523E+03
      4.2343      1.0000     14.9476     14.9476      4.3673      0.7711      4.4695      0.0000  1.0000E-10     -0.0110  1.6400E+03
      4.3630      1.0000     14.9457     14.9457      4.3707      0.7738      4.4690      0.0000  1.0000E-10     -0.0117  1.6276E+03
      4.4917      1.0000     14.9437     14.9437      4.3741      0.7765      4.4685      0.0000  1.0000E-10     -0.0126  1.6150E+03
      4.6204      1.0000     14.9417     14.9417      4.3776      0.7793      4.4680      0.0000  1.0000E-10     -0.0135  1.6024E+03
      4.7491      1.0000     14.9396     14.9396      4.3810      0.7820      4.4675      0.0000  1.0000E-10     -0.0144  1.5897E+03
      4.8779      1.0000     14.9375     14.9375      4.3846      0.7848      4.4670      0.0000  1.0000E-10     -0.0153  1.5769E+03
      5.0067      1.0000     14.9354     14.9354      4.3881      0.7877      4.4665      0.0000  1.0000E-10     -0.0163  1.5640E+03
      5.1355      1.0000     14.9332     14.9332      4.3917      0.7906      4.4659      0.0000  1.0000E-10     -0.0173  1.5510E+03
      5.2643      1.0000     14.9311     14.9311      4.3953      0.7935      4.4654      0.0000  1.0000E-10     -0.0184  1.5379E+03
      5.3932      1.0000     14.9288     14.9288      4.3990      0.7964      4.4648      0.0000  1.0000E-10     -0.0195  1.5247E+03
      5.5221      1.0000     14.9266     14.9266      4.4027      0.7994      4.4643      0.0000  1.0000E-10     -0.0207  1.5114E+03
      5.6510      1.0000     14.9243     14.9243      4.4065      0.8024      4.4637      0.0000  1.0000E-10     -0.0219  1.4979E+03
      5.7800      1.0000     14.9220     14.9220      4.4103      0.8054      4.4631      0.0000  1.0000E-10     -0.0232  1.4844E+03
      5.9090      1.0000     14.9196     14.9196      4.4141      0.8085      4.4625      0.0000  1.0000E-10     -0.0245  1.4707E+03
      6.0380      1.0000     14.9172     14.9172      4.4180      0.8117      4.4619      0.0000  1.0000E-10     -0.0259  1.4569E+03
      6.1670      1.0000     14.9147     14.9147      4.4219      0.8149      4.4613      0.0000  1.0000E-10     -0.0273  1.4430E+03
      6.2961      1.0000     14.9122     14.9122      4.4258      0.8181      4.4607      0.0000  1.0000E-10     -0.0288  1.4289E+03
      6.4252      1.0000     14.9097     14.9097      4.4298      0.8213      4.4600      0.0000  1.0000E-10     -0.0303  1.4148E+03
      6.5543      1.0000     14.9071     14.9071      4.4338      0.8247      4.4594      0.0000  1.0000E-10     -0.0319  1.4005E+03
      6.6835      1.0000     14.9045     14.9045      4.4379      0.8280      4.4587      0.0000  1.0000E-10     -0.0336  1.3860E+03
      6.8127      1.0000     14.9018     14.9018      4.4420      0.8315      4.4580      0.0000  1.0000E-10     -0.0353  1.3715E+03
      6.9419      1.0000     14.8990     14.8990      4.4461      0.8349      4.4573      0.0000  1.0000E-10     -0.0371  1.3568E+03
      7.0712      1.0000     14.8963     14.8963      4.4503      0.8384      4.4566      0.0000  1.0000E-10     -0.0390  1.3419E+03
      7.2005      1.0000     14.8934     14.8934      4.4545      0.8420      4.4559      0.0000  1.0000E-10     -0.0409  1.3269E+03
      7.3298      1.0000     14.8905     14.8905      4.4587      0.8457      4.4551      0.0000  1.0000E-10     -0.0429  1.3118E+03
      7.4592      1.0000     14.8876     14.8876      4.4630      0.8494      4.4543      0.0000  1.0000E-10     -0.0450  1.2964E+03
      7.5886      1.0000     14.8846     14.8846      4.4673      0.8531      4.4535      0.0000  1.0000E-10     -0.0472  1.2810E+03
      7.7180      1.0000     14.8815     14.8815      4.4717      0.8570      4.4527      0.0000  1.0000E-10     -0.0494  1.2653E+03
      7.8475      1.0000     14.8784     14.8784      4.4761      0.8609      4.4518      0.0000  1.0000E-10     -0.0518  1.2495E+03
      7.9770      1.0000     14.8752     14.8752      4.4805      0.8649      4.4510      0.0000  1.0000E-10     -0.0542  1.2335E+03
      8.1066      1.0000     14.8720     14.8720      4.4850      0.8689      4.4500      0.0000  1.0000E-10     -0.0567  1.2173E+03
      8.2362      1.0000     14.8686     14.8686      4.4894      0.8731      4.4491      0.0000  1.0000E-10     -0.0593  1.2009E+03
      8.3658      1.0000     14.8653     14.8653      4.4940      0.8773      4.4481      0.0000  1.0000E-10     -0.0620  1.1843E+03
      8.4955      1.0000     14.8618     14.8618      4.4986      0.8816      4.4471      0.0000  1.0000E-10     -0.0648  1.1675E+03
      8.6252      1.0000     14.8583     14.8583      4.5032      0.8861      4.4460      0.0000  1.0000E-10     -0.0677  1.1504E+03
      8.7550      1.0000     14.8546     14.8546      4.5078      0.8906      4.4449      0.0000  1.0000E-10     -0.0708  1.1331E+03
      8.8848      1.0000     14.8509     14.8509      4.5125      0.8953      4.4438      0.0000  1.0000E-10     -0.0739  1.1156E+03
      9.0147      1.0000     14.8472     14.8472      4.5172      0.9000      4.4425      0.0000  1.0000E-10     -0.0772  1.0978E+03
      9.1446      1.0000     14.8433     14.8433      4.5219      0.9049      4.4413      0.0000  1.0000E-10     -0.0806  1.0797E+03
      9.2746      1.0000     14.8393     14.8393      4.5267      0.9100      4.4400      0.0000  1.0000E-10     -0.0841  1.0613E+03
      9.4046      1.0000     14.8353     14.8353      4.5315      0.9152      4.4386      0.0000  1.0000E-10     -0.0878  1.0426E+03
      9.5346      1.0000     14.8312     14.8312      4.5364      0.9205      4.4371      0.0000  1.0000E-10     -0.0916  1.0236E+03
      9.6648      1.0000     14.8269     14.8269      4.5412      0.9260      4.4356      0.0000  1.0000E-10     -0.0955  1.0042E+03
      9.7949      1.0000     14.8226     14.8226      4.5462      0.9318      4.4339      0.0000  1.0000E-10     -0.0996  9.8445E+02
      9.9251      1.0000     14.8181     14.8181      4.5511      0.9377      4.4322      0.0000  1.0000E-10     -0.1039  9.6434E+02
     10.0554      1.0000     14.8135     14.8135      4.5561      0.9438      4.4304      0.0000  1.0000E-10     -0.1083  9.4381E+02
     10.1857      1.0000     14.8088     14.8088      4.5611      0.9502      4.4285      0.0000  1.0000E-10     -0.1130  9.2287E+02
     10.3161      1.0000     14.8040     14.8040      4.5661      0.9568      4.4264      0.0000  1.0000E-10     -0.1178  9.0147E+02
     10.4466      1.0000     14.7990     14.7990      4.5712      0.9637      4.4242      0.0000  1.0000E-10     -0.1228  8.7962E+02
     10.5771      1.0000     14.7939     14.7939      4.5763      0.9708      4.4219      0.0000  1.0000E-10     -0.1280  8.5727E+02
     10.7077      1.0000     14.7887     14.7887      4.5814      0.9783      4.4195      0.0000  1.0000E-10     -0.1335  8.3442E+02
     10.8383      1.0000     14.7833     14.7833      4.5866      0.9862      4.4168      0.0000  1.0000E-10     -0.1392  8.1105E+02
     10.9691      1.0000     14.7777     14.7777      4.5918      0.9944      4.4140      0.0000  1.0000E-10     -0.1451  7.8713E+02
     11.0999      1.0000     14.7720     14.7720      4.5970      1.0030      4.4110      0.0000  1.0000E-10     -0.1513  7.6266E+02
     11.2307      1.0000     14.7661     14.7661      4.6022      1.0121      4.4078      0.0000  1.0000E-10     -0.1578  7.3761E+02
     11.3616      1.0000     14.7599     14.7599      4.6075      1.0216      4.4043      0.0000  1.0000E-10     -0.1646  7.1199E+02
     11.4927      1.0000     14.7536     14.7536      4.6128      1.0317      4.4006      0.0000  1.0000E-10     -0.1717  6.8578E+02
     11.6238      1.0000     14.7471     14.7471      4.6181      1.0423      4.3967      0.0000  1.0000E-10     -0.1792  6.5900E+02
     11.7549      1.0000     14.7403     14.7403      4.6234      1.0535      4.3924      0.0000  1.0000E-10     -0.1870  6.3163E+02
     11.8862      1.0000     14.7333     14.7333      4.6288      1.0653      4.3878      0.0000  1.0000E-10     -0.1952  6.0371E+02
     12.0176      1.0000     14.7259     14.7259      4.6342      1.0779      4.3829      0.0000  1.0000E-10     -0.2038  5.7526E+02
     12.1490      1.0000     14.7183     14.7183      4.6396      1.0912      4.3775      0.0000  1.0000E-10     -0.2129  5.4631E+02
     12.2806      1.0000     14.7104     14.7104      4.6450      1.1054      4.3718      0.0000  1.0000E-10     -0.2225  5.1691E+02
     12.4122      1.0000     14.7022     14.7022      4.6504      1.1204      4.3657      0.0000  1.0000E-10     -0.2326  4.8712E+02
     12.5440      1.0000     14.6935     14.6935      4.6558      1.1364      4.3590      0.0000  1.0000E-10     -0.2433  4.5702E+02
     12.6758      1.0000     14.6845     14.6845      4.6613      1.1534      4.3519      0.0000  1.0000E-10     -0.2547  4.2670E+02
     12.8078      1.0000     14.6750     14.6750      4.6667      1.1716      4.3442      0.0000  1.0000E-10     -0.2668  3.9627E+02
     12.8801      1.0000     14.6695     14.6695      4.6869      1.1673      4.3513      0.0000  1.0000E-10     -0.2738  3.9918E+02
     12.9132      1.0000     14.6669     14.6669      4.7090      1.1386      4.3712      0.0000  1.0000E-10     -0.2772  4.3819E+02
     12.9369      1.0000     14.6650     14.6650      4.7297      1.0998      4.3958      0.0000  1.0000E-10     -0.2797  4.9673E+02
     12.9442      1.0000     14.6644     14.6644      4.7370      1.0841      4.4054      0.0000  1.0000E-10     -0.2804  5.2226E+02
     12.9442      2.0000     14.6644     14.6644      4.7370      1.0798      4.4076      3.6105  1.0000E-10     -0.2804  7.0026E+02
     12.9444      2.0000     14.6644     14.6644      4.7378      1.0880      4.4037      3.6112  1.0000E-10     -0.2804  6.8215E+02
     12.9447      2.0000     14.6644     14.6644      4.7387      1.0962      4.3999      3.6119  1.0000E-10     -0.2804  6.6440E+02
     12.9450      2.0000     14.6644     14.6643      4.7396      1.1044      4.3960      3.6126  1.0000E-10     -0.2804  6.4701E+02
     12.9452      2.0000     14.6644     14.6643      4.7404      1.1125      4.3921      3.6134  1.0000E-10     -0.2804  6.2997E+02
     12.9455      2.0000     14.6644     14.6643      4.7413      1.1207      4.3882      3.6141  1.0000E-10     -0.2804  6.1329E+02
     12.9458      2.0000     14.6644     14.6642      4.7421      1.1289      4.3844      3.6148  1.0000E-10     -0.2804  5.9695E+02
     12.9460      2.0000     14.6644     14.6642      4.7430      1.1371      4.3805      3.6155  1.0000E-10     -0.2804  5.8096E+02
     12.9463      2.0000     14.6644     14.6642      4.7439      1.1453      4.3766      3.6163  1.0000E-10     -0.2804  5.6531E+02
     12.9466      2.0000     14.6644     14.6641      4.7447      1.1534      4.3727      3.6170  1.0000E-10     -0.2804  5.5000E+02
     12.9469      2.0000     14.6644     14.6641      4.7456      1.1616      4.3689      3.6177  1.0000E-10     -0.2804  5.3502E+02
     12.9471      2.0000     14.6644     14.6641      4.7464      1.1698      4.3650      3.6184  1.0000E-10     -0.2804  5.2037E+02
     12.9474      2.0000     14.6644     14.6640      4.7473      1.1780      4.3611      3.6191  1.0000E-10     -0.2804  5.0605E+02
     12.9477      2.0000     14.6644     14.6640      4.7482      1.1862      4.3572      3.6199  1.0000E-10     -0.2804  4.9205E+02
     12.9479      2.0000     14.6644     14.6640      4.7490      1.1943      4.3534      3.6206  1.0000E-10     -0.2804  4.7837E+02
     12.9482      2.0000     14.6644     14.6639      4.7499      1.2025      4.3495      3.6213  1.0000E-10     -0.2804  4.6500E+02
     12.9485      2.0000     14.6644     14.6639      4.7507      1.2107      4.3456      3.6220  1.0000E-10     -0.2804  4.5194E+02
     12.9487      2.0000     14.6644     14.6639      4.7516      1.2189      4.3417      3.6228  1.0000E-10     -0.2804  4.3919E+02
     12.9490      2.0000     14.6644     14.6638      4.7525      1.2271      4.3378      3.6235  1.0000E-10     -0.2804  4.2673E+02
     12.9493      2.0000     14.6644     14.6638      4.7533      1.2353      4.3340      3.6242  1.0000E-10     -0.2804  4.1458E+02
     12.9495      2.0000     14.6644     14.6638      4.7542      1.2434      4.3301      3.6249  1.0000E-10     -0.2804  4.0271E+02
     12.9498      2.0000     14.6644     14.6637      4.7550      1.2516      4.3262      3.6256  1.0000E-10     -0.2804  3.9114E+02
     12.9501      2.0000     14.6644     14.6637      4.7559      1.2598      4.3223      3.6264  1.0000E-10     -0.2804  3.7984E+02
     12.9503      2.0000     14.6644     14.6637      4.7568      1.2680      4.3185      3.6271  1.0000E-10     -0.2804  3.6883E+02
     12.9506      2.0000     14.6644     14.6636      4.7576      1.2762      4.3146      3.6278  1.0000E-10     -0.2804  3.5809E+02
     12.9509      2.0000     14.6644     14.6636      4.7585      1.2843      4.3107      3.6285  1.0000E-10     -0.2804  3.4761E+02
     12.9511      2.0000     14.6644     14.6635      4.7593      1.2925      4.3068      3.6292  1.0000E-10     -0.2804  3.3740E+02
     12.9514      2.0000     14.6644     14.6635      4.7602      1.3007      4.3030      3.6300  1.0000E-10     -0.2804  3.2745E+02
     12.9517      2.0000     14.6644     14.6635      4.7611      1.3089      4.2991      3.6307  1.0000E-10     -0.2804  3.1776E+02
     12.9520      2.0000     14.6644     14.6634      4.7619      1.3171      4.2952      3.6314  1.0000E-10     -0.2804  3.0832E+02
     12.9522      2.0000     14.6644     14.6634      4.7628      1.3252      4.2913      3.6321  1.0000E-10     -0.2804  2.9912E+02
     12.9525      2.0000     14.6644     14.6634      4.7636      1.3334      4.2875      3.6329  1.0000E-10     -0.2804  2.9016E+02
     12.9528      2.0000     14.6644     14.6633      4.7645      1.3416      4.2836      3.6336  1.0000E-10     -0.2804  2.8144E+02
     12.9530      2.0000     14.6644     14.6633      4.7654      1.3498      4.2797      3.6343  1.0000E-10     -0.2804  2.7295E+02
     12.9533      2.0000     14.6644     14.6633      4.7662      1.3580      4.2758      3.6350  1.0000E-10     -0.2804  2.6469E+02
     12.9536      2.0000     14.6644     14.6632      4.7671      1.3662      4.2720      3.6357  1.0000E-10     -0.2804  2.5665E+02
     12.9538      2.0000     14.6644     14.6632      4.7680      1.3743      4.2681      3.6365  1.0000E-10     -0.2804  2.4882E+02
     12.9541      2.0000     14.6644     14.6631      4.7688      1.3825      4.2642      3.6372  1.0000E-10     -0.2804  2.4121E+02
     12.9544      2.0000     14.6644     14.6631      4.7697      1.3907      4.2603      3.6379  1.0000E-10     -0.2804  2.3381E+02
     12.9546      2.0000     14.6644     14.6631      4.7705      1.3989      4.2565      3.6386  1.0000E-10     -0.2804  2.2661E+02
     12.9549      2.0000     14.6644     14.6630      4.7714      1.4071      4.2526      3.6394  1.0000E-10     -0.2804  2.1961E+02
     12.9552      2.0000     14.6644     14.6630      4.7723      1.4152      4.2487      3.6401  1.0000E-10     -0.2804  2.1281E+02
     12.9554      2.0000     14.6644     14.6629      4.7731      1.4234      4.2448      3.6408  1.0000E-10     -0.2804  2.0620E+02
     12.9557      2.0000     14.6644     14.6629      4.7740      1.4316      4.2410      3.6415  1.0000E-10     -0.2804  1.9977E+02
     12.9560      2.0000     14.6644     14.6628      4.7748      1.4398      4.2371      3.6422  1.0000E-10     -0.2804  1.9352E+02
     12.9562      2.0000     14.6644     14.6628      4.7757      1.4480      4.2332      3.6430  1.0000E-10     -0.2804  1.8746E+02
     12.9565      2.0000     14.6644     14.6628      4.7766      1.4561      4.2293      3.6437  1.0000E-10     -0.2804  1.8156E+02
     12.9568      2.0000     14.6644     14.6627      4.7774      1.4643      4.2255      3.6444  1.0000E-10     -0.2804  1.7584E+02
     12.9571      2.0000     14.6644     14.6627      4.7783      1.4725      4.2216      3.6451  1.0000E-10     -0.2804  1.7028E+02
     12.9573      2.0000     14.6644     14.6626      4.7791      1.4807      4.2177      3.6459  1.0000E-10     -0.2804  1.6488E+02
     12.9576      2.0000     14.6644     14.6626      4.7800      1.4889      4.2138      3.6466  1.0000E-10     -0.2804  1.5965E+02
     12.9579      2.0000     14.6644     14.6625      4.7809      1.4970      4.2100      3.6473  1.0000E-10     -0.2804  1.5456E+02
     12.9581      2.0000     14.6644     14.6625      4.7817      1.5052      4.2061      3.6480  1.0000E-10     -0.2804  1.4962E+02
     12.9584      2.0000     14.6644     14.6624      4.7826      1.5134      4.2022      3.6487  1.0000E-10     -0.2804  1.4483E+02
     12.9587      2.0000     14.6644     14.6623      4.7834      1.5216      4.1983      3.6495  1.0000E-10     -0.2804  1.4019E+02
     12.9589      2.0000     14.6644     14.6623      4.7843      1.5298      4.1945      3.6502  1.0000E-10     -0.2804  1.3568E+02
     12.9592      2.0000     14.6644     14.6622      4.7852      1.5380      4.1906      3.6509  1.0000E-10     -0.2804  1.3130E+02
     12.9595      2.0000     14.6644     14.6622      4.7860      1.5461      4.1867      3.6516  1.0000E-10     -0.2804  1.2706E+02
     12.9597      2.0000     14.6644     14.6621      4.7869      1.5543      4.1828      3.6524  1.0000E-10     -0.2804  1.2295E+02
     12.9600      2.0000     14.6644     14.6621      4.7877      1.5625      4.1790      3.6531  1.0000E-10     -0.2804  1.1896E+02
     12.9603      2.0000     14.6644     14.6620      4.7886      1.5707      4.1751      3.6538  1.0000E-10     -0.2804  1.1509E+02
     12.9605      2.0000     14.6644     14.6619      4.7895      1.5789      4.1712      3.6545  1.0000E-10     -0.2804  1.1134E+02
     12.9608      2.0000     14.6644     14.6619      4.7903      1.5870      4.1673      3.6552  1.0000E-10     -0.2804  1.0770E+02
     12.9611      2.0000     14.6644     14.6618      4.7912      1.5952      4.1635      3.6560  1.0000E-10     -0.2804  1.0418E+02
     12.9613      2.0000     14.6644     14.6618      4.7920      1.6034      4.1596      3.6567  1.0000E-10     -0.2804  1.0076E+02
     12.9616      2.0000     14.6644     14.6617      4.7929      1.6116      4.1557      3.6574  1.0000E-10     -0.2804  9.7453E+01
     12.9619      2.0000     14.6644     14.6616      4.7938      1.6198      4.1518      3.6581  1.0000E-10     -0.2804  9.4246E+01
     12.9622      2.0000     14.6644     14.6616      4.7946      1.6279      4.1480      3.6589  1.0000E-10     -0.2804  9.1139E+01
     12.9624      2.0000     14.6644     14.6615      4.7955      1.6361      4.1441      3.6596  1.0000E-10     -0.2804  8.8130E+01
     12.9627      2.0000     14.6644     14.6614      4.7963      1.6443      4.1402      3.6603  1.0000E-10     -0.2804  8.5214E+01
     12.9630      2.0000     14.6644     14.6614      4.7972      1.6525      4.1363      3.6610  1.0000E-10     -0.2804  8.2391E+01
     12.9632      2.0000     14.6644     14.6613      4.7981      1.6607      4.1325      3.6617  1.0000E-10     -0.2804  7.9656E+01
     12.9635      2.0000     14.6644     14.6612      4.7989      1.6689      4.1286      3.6625  1.0000E-10     -0.2804  7.7008E+01
     12.9638      2.0000     14.6644     14.6611      4.7998      1.6770      4.1247      3.6632  1.0000E-10     -0.2804  7.4443E+01
     12.9640      2.0000     14.6644     14.6611      4.8007      1.6852      4.1208      3.6639  1.0000E-10     -0.2804  7.1960E+01
     12.9643      2.0000     14.6644     14.6610      4.8015      1.6934      4.1169      3.6646  1.0000E-10     -0.2804  6.9557E+01
     12.9646      2.0000     14.6644     14.6609      4.8024      1.7016      4.1131      3.6654  1.0000E-10     -0.2804  6.7230E+01
     12.9648      2.0000     14.6644     14.6608      4.8032      1.7098      4.1092      3.6661  1.0000E-10     -0.2804  6.4977E+01
     12.9651      2.0000     14.6644     14.6607      4.8041      1.7179      4.1053      3.6668  1.0000E-10     -0.2804  6.2797E+01
     12.9654      2.0000     14.6644     14.6607      4.8050      1.7261      4.1014      3.6675  1.0000E-10     -0.2804  6.0687E+01
     12.9656      2.0000     14.6644     14.6606      4.8058      1.7343      4.0976      3.6682  1.0000E-10     -0.2804  5.8645E+01
     12.9659      2.0000     14.6644     14.6605      4.8067      1.7425      4.0937      3.6690  1.0000E-10     -0.2804  5.6669E+01
     12.9662      2.0000     14.6644     14.6604      4.8075      1.7507      4.0898      3.6697  1.0000E-10     -0.2804  5.4758E+01
     12.9664      2.0000     14.6644     14.6603      4.8084      1.7588      4.0859      3.6704  1.0000E-10     -0.2804  5.2908E+01
     12.9667      2.0000     14.6644     14.6602      4.8093      1.7670      4.0821      3.6711  1.0000E-10     -0.2804  5.1118E+01
     12.9670      2.0000     14.6644     14.6601      4.8101      1.7752      4.0782      3.6719  1.0000E-10     -0.2804  4.9387E+01
     12.9673      2.0000     14.6644     14.6600      4.8110      1.7834      4.0743      3.6726  1.0000E-10     -0.2804  4.7712E+01
     12.9675      2.0000     14.6644     14.6599      4.8118      1.7916      4.0704      3.6733  1.0000E-10     -0.2804  4.6092E+01
     12.9678      2.0000     14.6644     14.6598      4.8127      1.7998      4.0666      3.6740  1.0000E-10     -0.2804  4.4526E+01
     12.9681      2.0000     14.6644     14.6597      4.8136      1.8079      4.0627      3.6747  1.0000E-10     -0.2804  4.3010E+01
     12.9683      2.0000     14.6644     14.6596      4.8144      1.8161      4.0588      3.6755  1.0000E-10     -0.2804  4.1545E+01
     12.9686      2.0000     14.6644     14.6595      4.8153      1.8243      4.0549      3.6762  1.0000E-10     -0.2804  4.0128E+01
     12.9689      2.0000     14.6644     14.6594      4.8161      1.8325      4.0511      3.6769  1.0000E-10     -0.2804  3.8758E+01
     12.9691      2.0000     14.6644     14.6593      4.8170      1.8407      4.0472      3.6776  1.0000E-10     -0.2804  3.7433E+01
     12.9694      2.0000     14.6644     14.6592      4.8179      1.8488      4.0433      3.6784  1.0000E-10     -0.2804  3.6152E+01
     12.9697      2.0000     14.6644     14.6591      4.8187      1.8570      4.0394      3.6791  1.0000E-10     -0.2804  3.4914E+01
     12.9699      2.0000     14.6644     14.6590      4.8196      1.8652      4.0356      3.6798  1.0000E-10     -0.2804  3.3716E+01
     12.9702      2.0000     14.6644     14.6589      4.8204      1.8734      4.0317      3.6805  1.0000E-10     -0.2804  3.2559E+01
     12.9705      2.0000     14.6644     14.6588      4.8213      1.8816      4.0278      3.6812  1.0000E-10     -0.2804  3.1440E+01
     12.9707      2.0000     14.6644     14.6586      4.8222      1.8897      4.0239      3.6820  1.0000E-10     -0.2804  3.0359E+01
     12.9710      4.0000     14.6644     14.6585      4.8230      1.8979      4.0201      3.6827  1.0000E-10     -0.2804  2.9317E+01
     12.9854      4.0000     14.6644     14.6519      4.8237      1.9007      4.0188      3.6940  1.0000E-10     -0.2804  2.8422E+01
     12.9998      4.0000     14.6644     14.6453      4.8243      1.9210      4.0088      3.7053  1.0000E-10     -0.2804  2.5581E+01
     13.0107      4.0000     14.6644     14.6401      4.8248      1.9585      3.9902      3.7138  1.0000E-10     -0.2804  2.1477E+01
     13.0175      4.0000     14.6644     14.6366      4.8251      1.9949      3.9721      3.7191  1.0000E-10     -0.2804  1.8196E+01
     13.0228      4.0000     14.6644     14.6337      4.8254      2.0322      3.9535      3.7232  1.0000E-10     -0.2804  1.5369E+01
     13.0273      4.0000     14.6644     14.6310      4.8256      2.0707      3.9343      3.7268  1.0000E-10     -0.2804  1.2921E+01
     13.0313      4.0000     14.6644     14.6285      4.8258      2.1103      3.9145      3.7299  1.0000E-10     -0.2804  1.0807E+01
     13.0349      4.0000     14.6644     14.6260      4.8259      2.1511      3.8942      3.7328  1.0000E-10     -0.2804  8.9927E+00
     13.0382      4.0000     14.6644     14.6235      4.8261      2.1921      3.8737      3.7353  1.0000E-10     -0.2804  7.4758E+00
     13.0412      4.0000     14.6644     14.6212      4.8262      2.2331      3.8533      3.7377  1.0000E-10     -0.2804  6.2128E+00
     13.0440      4.0000     14.6644     14.6188      4.8263      2.2741      3.8328      3.7398  1.0000E-10     -0.2804  5.1610E+00
     13.0465      4.0000     14.6644     14.6164      4.8265      2.3151      3.8123      3.7418  1.0000E-10     -0.2804  4.2853E+00
     13.0489      4.0000     14.6644     14.6140      4.8266      2.3562      3.7918      3.7437  1.0000E-10     -0.2804  3.5564E+00
     13.0512      4.0000     14.6644     14.6116      4.8267      2.3973      3.7713      3.7455  1.0000E-10     -0.2804  2.9497E+00
     13.0533      4.0000     14.6644     14.6090      4.8268      2.4384      3.7508      3.7471  1.0000E-10     -0.2804  2.4451E+00
     13.0553      4.0000     14.6644     14.6065      4.8269      2.4795      3.7302      3.7487  1.0000E-10     -0.2804  2.0255E+00
     13.0573      4.0000     14.6644     14.6038      4.8270      2.5209      3.7096      3.7503  1.0000E-10     -0.2804  1.6756E+00
     13.0591      4.0000     14.6644     14.6011      4.8270      2.5619      3.6891      3.7517  1.0000E-10     -0.2804  1.3876E+00
     13.0609      4.0000     14.6644     14.5982      4.8271      2.6029      3.6686      3.7531  1.4889E-08     -0.2804  1.1484E+00
     13.0626      4.0000     14.6644     14.5953      4.8272      2.6440      3.6481      3.7544  6.6078E-03     -0.2804  8.8500E-01
     13.0643      4.0000     14.6644     14.5922      4.8273      2.6850      3.6276      3.7557  1.9674E-01     -0.2804  5.0101E-01
     13.0659      4.0000     14.6644     14.5890      4.8273      2.7261      3.6071      3.7570  1.5764E+00     -0.2804  2.1705E-01
     13.0674      4.0000     14.6644     14.5857      4.8274      2.7672      3.5865      3.7582  7.2666E+00     -0.2804  8.9400E-02
     13.0818      4.0000     14.6644     14.5519      4.8281      2.7756      3.5825      3.7695  9.2211E+00     -0.2804  7.4667E-02
     13.0962      4.0000     14.6644     14.5176      4.8287      2.7765      3.5822      3.7808  9.1589E+00     -0.2804  7.3281E-02
     13.1107      4.0000     14.6644     14.4832      4.8294      2.7773      3.5819      3.7921  9.0966E+00     -0.2804  7.1911E-02
     13.1251      4.0000     14.6644     14.4486      4.8300      2.7782      3.5817      3.8033  9.0343E+00     -0.2804  7.0555E-02
     13.1395      4.0000     14.6644     14.4140      4.8307      2.7791      3.5814      3.8146  8.9720E+00     -0.2804  6.9215E-02
     13.1539      4.0000     14.6644     14.3792      4.8314      2.7799      3.5811      3.8259  8.9097E+00     -0.2804  6.7890E-02
     13.1683      4.0000     14.6644     14.3444      4.8320      2.7808      3.5809      3.8372  8.8474E+00     -0.2804  6.6580E-02
     13.1827      4.0000     14.6644     14.3094      4.8327      2.7817      3.5806      3.8485  8.7850E+00     -0.2804  6.5285E-02
     13.1971      4.0000     14.6644     14.2743      4.8333      2.7825      3.5803      3.8598  8.7226E+00     -0.2804  6.4005E-02
     13.2116      4.0000     14.6644     14.2391      4.8340      2.7834      3.5801      3.8711  8.6601E+00     -0.2804  6.2740E-02
     13.2260      4.0000     14.6644     14.2038      4.8346      2.7843      3.5798      3.8824  8.5977E+00     -0.2804  6.1491E-02
     13.2404      4.0000     14.6644     14.1684      4.8353      2.7851      3.5795      3.8936  8.5352E+00     -0.2804  6.0256E-02
     13.2548      4.0000     14.6644     14.1329      4.8359      2.7860      3.5792      3.9049  8.4727E+00     -0.2804  5.9036E-02
     13.2692      4.0000     14.6644     14.0973      4.8366      2.7869      3.5790      3.9162  8.4102E+00     -0.2804  5.7831E-02
     13.2836      4.0000     14.6644     14.0615      4.8373      2.7878      3.5787      3.9275  8.3477E+00     -0.2804  5.6641E-02
     13.2980      4.0000     14.6644     14.0257      4.8379      2.7887      3.5784      3.9388  8.2851E+00     -0.2804  5.5466E-02
     13.3124      4.0000     14.6644     13.9897      4.8386      2.7896      3.5781      3.9501  8.2226E+00     -0.2804  5.4306E-02
     13.3269      4.0000     14.6644     13.9537      4.8392      2.7904      3.5779      3.9614  8.1600E+00     -0.2804  5.3161E-02
     13.3413      4.0000     14.6644     13.9175      4.8399      2.7913      3.5776      3.9727  8.0974E+00     -0.2804  5.2030E-02
     13.3557      4.0000     14.6644     13.8812      4.8405      2.7922      3.5773      3.9839  8.0347E+00     -0.2804  5.0914E-02
     13.3701      4.0000     14.6644     13.8448      4.8412      2.7931      3.5770      3.9952  7.9721E+00     -0.2804  4.9813E-02
     13.3845      4.0000     14.6644     13.8082      4.8419      2.7940      3.5767      4.0065  7.9094E+00     -0.2804  4.8726E-02
     13.3989      4.0000     14.6644     13.7716      4.8425      2.7949      3.5764      4.0178  7.8468E+00     -0.2804  4.7654E-02
     13.4133      4.0000     14.6644     13.7348      4.8432      2.7958      3.5762      4.0291  7.7841E+00     -0.2804  4.6597E-02
     13.4278      4.0000     14.6644     13.6980      4.8438      2.7967      3.5759      4.0404  7.7214E+00     -0.2804  4.5554E-02
     13.4422      4.0000     14.6644     13.6610      4.8445      2.7976      3.5756      4.0517  7.6587E+00     -0.2804  4.4526E-02
     13.4566      4.0000     14.6644     13.6239      4.8451      2.7985      3.5753      4.0630  7.5960E+00     -0.2804  4.3512E-02
     13.4710      4.0000     14.6644     13.5866      4.8458      2.7994      3.5750      4.0742  7.5333E+00     -0.2804  4.2512E-02
     13.4854      4.0000     14.6644     13.5493      4.8465      2.8004      3.5747      4.0855  7.4706E+00     -0.2804  4.1527E-02
     13.4998      4.0000     14.6644     13.5119      4.8471      2.8013      3.5744      4.0968  7.4078E+00     -0.2804  4.0556E-02
     13.5142      4.0000     14.6644     13.4743      4.8478      2.8022      3.5741      4.1081  7.3451E+00     -0.2804  3.9599E-02
     13.5286      4.0000     14.6644     13.4366      4.8484      2.8031      3.5738      4.1194  7.2824E+00     -0.2804  3.8657E-02
     13.5431      4.0000     14.6644     13.3988      4.8491      2.8040      3.5735      4.1307  7.2196E+00     -0.2804  3.7728E-02
     13.5575      4.0000     14.6644     13.3609      4.8497      2.8049      3.5732      4.1420  7.1569E+00     -0.2804  3.6814E-02
     13.5719      4.0000     14.6644     13.3228      4.8504      2.8059      3.5729      4.1533  7.0941E+00     -0.2804  3.5913E-02
     13.5863      4.0000     14.6644     13.2846      4.8510      2.8068      3.5726      4.1645  7.0314E+00     -0.2804  3.5027E-02
     13.6007      4.0000     14.6644     13.2464      4.8517      2.8077      3.5723      4.1758  6.9687E+00     -0.2804  3.4154E-02
     13.6151      4.0000     14.6644     13.2079      4.8524      2.8087      3.5720      4.1871  6.9059E+00     -0.2804  3.3295E-02
     13.6295      4.0000     14.6644     13.1694      4.8530      2.8096      3.5717      4.1984  6.8432E+00     -0.2804  3.2450E-02
     13.6440      4.0000     14.6644     13.1308      4.8537      2.8105      3.5714      4.2097  6.7805E+00     -0.2804  3.1619E-02
     13.6584      4.0000     14.6644     13.0920      4.8543      2.8115      3.5711      4.2210  6.7178E+00     -0.2804  3.0801E-02
     13.6728      4.0000     14.6644     13.0531      4.8550      2.8124      3.5708      4.2323  6.6551E+00     -0.2804  2.9997E-02
     13.6872      4.0000     14.6644     13.0141      4.8556      2.8134      3.5705      4.2436  6.5924E+00     -0.2804  2.9206E-02
     13.7016      4.0000     14.6644     12.9749      4.8563      2.8143      3.5702      4.2549  6.5297E+00     -0.2804  2.8429E-02
     13.7160      4.0000     14.6644     12.9357      4.8570      2.8153      3.5699      4.2661  6.4671E+00     -0.2804  2.7665E-02
     13.7304      4.0000     14.6644     12.8963      4.8576      2.8162      3.5696      4.2774  6.4044E+00     -0.2804  2.6914E-02
     13.7448      4.0000     14.6644     12.8568      4.8583      2.8172      3.5693      4.2887  6.3418E+00     -0.2804  2.6176E-02
     13.7593      4.0000     14.6644     12.8171      4.8589      2.8181      3.5689      4.3000  6.2792E+00     -0.2804  2.5451E-02
     13.7737      4.0000     14.6644     12.7774      4.8596      2.8191      3.5686      4.3113  6.2166E+00     -0.2804  2.4740E-02
     13.7881      4.0000     14.6644     12.7375      4.8602      2.8200      3.5683      4.3226  6.1540E+00     -0.2804  2.4041E-02
     13.8025      4.0000     14.6644     12.6975      4.8609      2.8210      3.5680      4.3339  6.0915E+00     -0.2804  2.3355E-02
     13.8169      4.0000     14.6644     12.6573      4.8616      2.8220      3.5677      4.3452  6.0290E+00     -0.2804  2.2682E-02
     13.8313      4.0000     14.6644     12.6170      4.8622      2.8229      3.5674      4.3564  5.9665E+00     -0.2804  2.2022E-02
     13.8457      4.0000     14.6644     12.5766      4.8629      2.8239      3.5670      4.3677  5.9040E+00     -0.2804  2.1374E-02
     13.8602      4.0000     14.6644     12.5361      4.8635      2.8249      3.5667      4.3790  5.8416E+00     -0.2804  2.0739E-02
     13.8746      4.0000     14.6644     12.4955      4.8642      2.8259      3.5664      4.3903  5.7792E+00     -0.2804  2.0116E-02
     13.8890      4.0000     14.6644     12.4547      4.8648      2.8268      3.5661      4.4016  5.7169E+00     -0.2804  1.9505E-02
     13.9034      4.0000     14.6644     12.4137      4.8655      2.8278      3.5657      4.4129  5.6545E+00     -0.2804  1.8907E-02
     13.9178      4.0000     14.6644     12.3727      4.8662      2.8288      3.5654      4.4242  5.5923E+00     -0.2804  1.8321E-02
     13.9322      4.0000     14.6644     12.3315      4.8668      2.8298      3.5651      4.4355  5.5300E+00     -0.2804  1.7746E-02
     13.9466      4.0000     14.6644     12.2902      4.8675      2.8308      3.5647      4.4467  5.4679E+00     -0.2804  1.7184E-02
     13.9610      4.0000     14.6644     12.2488      4.8681      2.8318      3.5644      4.4580  5.4057E+00     -0.2804  1.6633E-02
     13.9755      4.0000     14.6644     12.2072      4.8688      2.8328      3.5641      4.4693  5.3436E+00     -0.2804  1.6095E-02
     13.9899      4.0000     14.6644     12.1655      4.8694      2.8338      3.5637      4.4806  5.2816E+00     -0.2804  1.5568E-02
     14.0043      4.0000     14.6644     12.1237      4.8701      2.8348      3.5634      4.4919  5.2196E+00     -0.2804  1.5052E-02
     14.0187      4.0000     14.6644     12.0817      4.8707      2.8358      3.5631      4.5032  5.1577E+00     -0.2804  1.4548E-02
     14.0331      4.0000     14.6644     12.0396      4.8714      2.8368      3.5627      4.5145  5.0958E+00     -0.2804  1.4055E-02
     14.0475      4.0000     14.6644     11.9973      4.8721      2.8378      3.5624      4.5258  5.0340E+00     -0.2804  1.3573E-02
     14.0619      4.0000     14.6644     11.9550      4.8727      2.8388      3.5620      4.5370  4.9723E+00     -0.2804  1.3102E-02
     14.0763      4.0000     14.6644     11.9124      4.8734      2.8398      3.5617      4.5483  4.9106E+00     -0.2804  1.2643E-02
     14.0908      4.0000     14.6644     11.8698      4.8740      2.8408      3.5614      4.5596  4.8490E+00     -0.2804  1.2194E-02
     14.1052      4.0000     14.6644     11.8270      4.8747      2.8419      3.5610      4.5709  4.7875E+00     -0.2804  1.1756E-02
     14.1196      4.0000     14.6644     11.7841      4.8753      2.8429      3.5607      4.5822  4.7260E+00     -0.2804  1.1329E-02
     14.1340      4.0000     14.6644     11.7410      4.8760      2.8439      3.5603      4.5935  4.6646E+00     -0.2804  1.0912E-02
     14.1484      4.0000     14.6644     11.6978      4.8767      2.8449      3.5600      4.6048  4.6034E+00     -0.2804  1.0506E-02
     14.1628      4.0000     14.6644     11.6545      4.8773      2.8460      3.5596      4.6161  4.5422E+00     -0.2804  1.0109E-02
     14.1772      4.0000     14.6644     11.6110      4.8780      2.8470      3.5593      4.6273  4.4810E+00     -0.2804  9.7235E-03
     14.1917      4.0000     14.6644     11.5674      4.8786      2.8480      3.5589      4.6386  4.4200E+00     -0.2804  9.3476E-03
     14.2061      4.0000     14.6644     11.5236      4.8793      2.8491      3.5586      4.6499  4.3591E+00     -0.2804  8.9816E-03
     14.2205      4.0000     14.6644     11.4797      4.8799      2.8501      3.5582      4.6612  4.2983E+00     -0.2804  8.6255E-03
     14.2349      4.0000     14.6644     11.4357      4.8806      2.8512      3.5578      4.6725  4.2375E+00     -0.2804  8.2790E-03
     14.2493      4.0000     14.6644     11.3915      4.8813      2.8522      3.5575      4.6838  4.1769E+00     -0.2804  7.9422E-03
     14.2637      4.0000     14.6644     11.3472      4.8819      2.8533      3.5571      4.6951  4.1164E+00     -0.2804  7.6147E-03
     14.2781      4.0000     14.6644     11.3027      4.8826      2.8543      3.5568      4.7064  4.0560E+00     -0.2804  7.2966E-03
     14.2925      4.0000     14.6644     11.2581      4.8832      2.8554      3.5564      4.7177  3.9957E+00     -0.2804  6.9876E-03
     14.3070      4.0000     14.6644     11.2134      4.8839      2.8564      3.5560      4.7289  3.9356E+00     -0.2804  6.6877E-03
     14.3214      4.0000     14.6644     11.1685      4.8845      2.8575      3.5557      4.7402  3.8756E+00     -0.2804  6.3967E-03
     14.3358      4.0000     14.6644     11.1235      4.8852      2.8585      3.5553      4.7515  3.8157E+00     -0.2804  6.1145E-03
     14.3502      4.0000     14.6644     11.0783      4.8858      2.8596      3.5549      4.7628  3.7559E+00     -0.2804  5.8409E-03
     14.3646      4.0000     14.6644     11.0330      4.8865      2.8607      3.5546      4.7741  3.6963E+00     -0.2804  5.5759E-03
     14.3790      4.0000     14.6644     10.9875      4.8872      2.8618      3.5542      4.7854  3.6368E+00     -0.2804  5.3193E-03
     14.3934      4.0000     14.6644     10.9419      4.8878      2.8628      3.5538      4.7967  3.5775E+00     -0.2804  5.0709E-03
     14.4079      4.0000     14.6644     10.8961      4.8885      2.8639      3.5534      4.8080  3.5183E+00     -0.2804  4.8307E-03
     14.4123      5.0000     14.6644     10.8818      4.8887      2.8642      3.5533      4.8115  3.4999E+00     -0.2804  4.7588E-03
     14.4135      5.0000     14.6644     10.8781      4.8941      2.8682      3.5527      4.8115  3.4964E+00     -0.2804  4.6218E-03
     14.4147      5.0000     14.6644     10.8743      4.8996      2.8722      3.5521      4.8115  3.4929E+00     -0.2804  4.4862E-03
     14.4158      5.0000     14.6644     10.8705      4.9050      2.8762      3.5514      4.8115  3.4893E+00     -0.2804  4.3520E-03
     14.4169      5.0000     14.6644     10.8667      4.9105      2.8802      3.5508      4.8115  3.4857E+00     -0.2804  4.2194E-03
     14.4180      5.0000     14.6644     10.8628      4.9160      2.8841      3.5502      4.8115  3.4820E+00     -0.2804  4.0885E-03
     14.4192      5.0000     14.6644     10.8588      4.9214      2.8881      3.5496      4.8115  3.4782E+00     -0.2804  3.9595E-03
     14.4202      5.0000     14.6644     10.8548      4.9269      2.8921      3.5489      4.8115  3.4745E+00     -0.2804  3.8324E-03
     14.4213      5.0000     14.6644     10.8507      4.9323      2.8961      3.5483      4.8115  3.4707E+00     -0.2804  3.7075E-03
     14.4224      5.0000     14.6644     10.8466      4.9378      2.9001      3.5477      4.8115  3.4668E+00     -0.2804  3.5847E-03
     14.4235      5.0000     14.6644     10.8424      4.9432      2.9041      3.5470      4.8115  3.4629E+00     -0.2804  3.4643E-03
     14.4245      5.0000     14.6644     10.8382      4.9487      2.9081      3.5464      4.8115  3.4589E+00     -0.2804  3.3463E-03
     14.4256      5.0000     14.6644     10.8339      4.9542      2.9120      3.5458      4.8115  3.4549E+00     -0.2804  3.2309E-03
     14.4266      5.0000     14.6644     10.8296      4.9596      2.9160      3.5452      4.8115  3.4508E+00     -0.2804  3.1181E-03
     14.4276      5.0000     14.6644     10.8252      4.9651      2.9200      3.5445      4.8115  3.4467E+00     -0.2804  3.0079E-03
     14.4286      5.0000     14.6644     10.8208      4.9705      2.9240      3.5439      4.8115  3.4426E+00     -0.2804  2.9006E-03
     14.4296      5.0000     14.6644     10.8163      4.9760      2.9280      3.5433      4.8115  3.4383E+00     -0.2804  2.7960E-03
     14.4306      5.0000     14.6644     10.8117      4.9814      2.9320      3.5426      4.8115  3.4341E+00     -0.2804  2.6944E-03
     14.4316      5.0000     14.6644     10.8071      4.9869      2.9360      3.5420      4.8115  3.4297E+00     -0.2804  2.5956E-03
     14.4326      5.0000     14.6644     10.8024      4.9923      2.9400      3.5413      4.8115  3.4254E+00     -0.2804  2.4998E-03
     14.4335      5.0000     14.6644     10.7976      4.9978      2.9440      3.5407      4.8115  3.4209E+00     -0.2804  2.4069E-03
     14.4345      5.0000     14.6644     10.7928      5.0033      2.9480      3.5401      4.8115  3.4164E+00     -0.2804  2.3170E-03
     14.4354      5.0000     14.6644     10.7880      5.0087      2.9520      3.5394      4.8115  3.4119E+00     -0.2804  2.2300E-03
     14.4364      5.0000     14.6644     10.7830      5.0142      2.9560      3.5388      4.8115  3.4072E+00     -0.2804  2.1460E-03
     14.4373      5.0000     14.6644     10.7780      5.0196      2.9600      3.5382      4.8115  3.4026E+00     -0.2804  2.0648E-03
     14.4382      5.0000     14.6644     10.7730      5.0251      2.9640      3.5375      4.8115  3.3979E+00     -0.2804  1.9866E-03
     14.4391      5.0000     14.6644     10.7679      5.0305      2.9680      3.5369      4.8115  3.3931E+00     -0.2804  1.9111E-03
     14.4400      5.0000     14.6644     10.7627      5.0360      2.9720      3.5362      4.8115  3.3882E+00     -0.2804  1.8385E-03
     14.4409      5.0000     14.6644     10.7574      5.0414      2.9761      3.5356      4.8115  3.3833E+00     -0.2804  1.7686E-03
     14.4418      5.0000     14.6644     10.7521      5.0469      2.9801      3.5350      4.8115  3.3783E+00     -0.2804  1.7013E-03
     14.4426      5.0000     14.6644     10.7467      5.0524      2.9841      3.5343      4.8115  3.3733E+00     -0.2804  1.6367E-03
     14.4435      5.0000     14.6644     10.7412      5.0578      2.9881      3.5337      4.8115  3.3682E+00     -0.2804  1.5747E-03
     14.4444      5.0000     14.6644     10.7357      5.0633      2.9921      3.5330      4.8115  3.3630E+00     -0.2804  1.5151E-03
     14.4452      5.0000     14.6644     10.7301      5.0687      2.9961      3.5324      4.8115  3.3578E+00     -0.2804  1.4579E-03
     14.4460      5.0000     14.6644     10.7244      5.0742      3.0002      3.5317      4.8115  3.3525E+00     -0.2804  1.4031E-03
     14.4469      5.0000     14.6644     10.7186      5.0796      3.0042      3.5311      4.8115  3.3472E+00     -0.2804  1.3505E-03
     14.4477      5.0000     14.6644     10.7128      5.0851      3.0082      3.5304      4.8115  3.3417E+00     -0.2804  1.3001E-03
     14.4485      5.0000     14.6644     10.7069      5.0906      3.0122      3.5298      4.8115  3.3362E+00     -0.2804  1.2518E-03
     14.4493      5.0000     14.6644     10.7009      5.0960      3.0162      3.5292      4.8115  3.3307E+00     -0.2804  1.2056E-03
     14.4501      5.0000     14.6644     10.6948      5.1015      3.0203      3.5285      4.8115  3.3250E+00     -0.2804  1.1613E-03
     14.4509      5.0000     14.6644     10.6887      5.1069      3.0243      3.5279      4.8115  3.3193E+00     -0.2804  1.1189E-03
     14.4517      5.0000     14.6644     10.6824      5.1124      3.0283      3.5272      4.8115  3.3136E+00     -0.2804  1.0782E-03
     14.4524      5.0000     14.6644     10.6761      5.1178      3.0324      3.5265      4.8115  3.3077E+00     -0.2804  1.0393E-03
     14.4532      5.0000     14.6644     10.6697      5.1233      3.0364      3.5259      4.8115  3.3018E+00     -0.2804  1.0021E-03
     14.4539      5.0000     14.6644     10.6633      5.1287      3.0404      3.5252      4.8115  3.2958E+00     -0.2804  9.6648E-04
     14.4547      5.0000     14.6644     10.6567      5.1342      3.0445      3.5246      4.8115  3.2897E+00     -0.2804  9.3236E-04
     14.4554      5.0000     14.6644     10.6501      5.1397      3.0485      3.5239      4.8115  3.2836E+00     -0.2804  8.9969E-04
     14.4562      5.0000     14.6644     10.6434      5.1451      3.0525      3.5233      4.8115  3.2774E+00     -0.2804  8.6841E-04
     14.4569      5.0000     14.6644     10.6365      5.1506      3.0566      3.5226      4.8115  3.2711E+00     -0.2804  8.3846E-04
     14.4576      5.0000     14.6644     10.6296      5.1560      3.0606      3.5220      4.8115  3.2647E+00     -0.2804  8.0977E-04
     14.4583      5.0000     14.6644     10.6226      5.1615      3.0647      3.5213      4.8115  3.2582E+00     -0.2804  7.8230E-04
     14.4590      5.0000     14.6644     10.6156      5.1669      3.0687      3.5206      4.8115  3.2517E+00     -0.2804  7.5598E-04
     14.4597      5.0000     14.6644     10.6084      5.1724      3.0728      3.5200      4.8115  3.2451E+00     -0.2804  7.3075E-04
     14.4604      5.0000     14.6644     10.6011      5.1778      3.0768      3.5193      4.8115  3.2384E+00     -0.2804  7.0658E-04
     14.4611      5.0000     14.6644     10.5937      5.1833      3.0809      3.5187      4.8115  3.2316E+00     -0.2804  6.8340E-04
     14.4618      5.0000     14.6644     10.5863      5.1888      3.0849      3.5180      4.8115  3.2247E+00     -0.2804  6.6118E-04
     14.4624      5.0000     14.6644     10.5787      5.1942      3.0890      3.5173      4.8115  3.2178E+00     -0.2804  6.3986E-04
     14.4631      5.0000     14.6644     10.5711      5.1997      3.0930      3.5167      4.8115  3.2107E+00     -0.2804  6.1940E-04
     14.4638      5.0000     14.6644     10.5633      5.2051      3.0971      3.5160      4.8115  3.2036E+00     -0.2804  5.9977E-04
     14.4644      5.0000     14.6644     10.5554      5.2106      3.1011      3.5153      4.8115  3.1964E+00     -0.2804  5.8093E-04
     14.4651      5.0000     14.6644     10.5475      5.2160      3.1052      3.5147      4.8115  3.1891E+00     -0.2804  5.6283E-04
     14.4657      5.0000     14.6644     10.5394      5.2215      3.1093      3.5140      4.8115  3.1817E+00     -0.2804  5.4544E-04
     14.4663     13.0000     14.6644      1.7446      0.4630     -4.8539      6.3059      1.7446  1.0000E-10     14.4663  2.0000E+08
     14.4822     13.0000     14.6644      1.7446      0.4630     -4.8539      6.3059      1.7446  1.0000E-10     14.4663  2.0000E+08
     14.4981     13.0000     14.6644      1.7446      0.4630     -4.8539      6.3059      1.7446  1.0000E-10     14.4663  2.0000E+08
     14.5140     13.0000     14.6644      1.7446      0.4630     -4.8539      6.3059      1.7446  1.0000E-10     14.4663  2.0000E+08
     14.5299     13.0000     14.6644      1.7446      0.4630     -4.8539      6.3059      1.7446  1.0000E-10     14.4663  2.0000E+08
     14.5458     13.0000     14.6644      1.7446      0.4630     -4.8539      6.3059      1.7446  1.0000E-10     14.4663  2.0000E+08
     14.5617     13.0000     14.6644      1.7446      0.4630     -4.8539      6.3059      1.7446  1.0000E-10     14.4663  2.0000E+08
     14.5776     13.0000     14.6644      1.7446      0.3700     -4.8539      6.2827      1.7446  1.0000E-10     14.4663  2.0000E+08
     14.5935     13.0000     14.6644      1.7446      0.2540     -4.8539      6.2537      1.7446  1.0000E-10     14.4663  2.0000E+08
     14.6094     13.0000     14.6644      1.7446      0.1517     -4.8539      6.2281      1.7446  1.0000E-10     14.4663  2.0000E+08
     14.6253     13.0000     14.6644      1.7446      0.0602     -4.8539      6.2052      1.7446  1.0000E-10     14.4663  2.0000E+08
     14.6412     13.0000     14.6644      1.7446     -0.0226     -4.8539      6.1846      1.7446  1.0000E-10     14.4663  2.0000E+08
     14.6571     13.0000     14.6644      1.7446     -0.0982     -4.8539      6.1657      1.7446  1.0000E-10     14.4663  2.0000E+08
     14.6730     13.0000     14.6644      1.7446     -0.1677     -4.8539      6.1483      1.7446  1.0000E-10     14.4663  2.0000E+08
     14.6889     13.0000     14.6644      1.7446     -0.2321     -4.8539      6.1322      1.7446  1.0000E-10     14.4663  2.0000E+08
     14.7048     13.0000     14.6644      1.7446     -0.2920     -4.8539      6.1172      1.7446  1.0000E-10     14.4663  2.0000E+08
     14.7207     13.0000     14.6644      1.7446     -0.3481     -4.8539      6.1032      1.7446  1.0000E-10     14.4663  2.0000E+08
     14.7366     13.0000     14.6644      1.7446     -0.4007     -4.8539      6.0900      1.7446  1.0000E-10     14.4663  2.0000E+08
     14.7525     13.0000     14.6644      1.7446     -0.4504     -4.8539      6.0776      1.7446  1.0000E-10     14.4663  2.0000E+08
     14.7684     13.0000     14.6644      1.7446     -0.4973     -4.8539      6.0659      1.7446  1.0000E-10     14.4663  2.0000E+08
     14.7843     13.0000     14.6644      1.7446     -0.5419     -4.8539      6.0547      1.7446  1.0000E-10     14.4663  2.0000E+08
     14.8002     13.0000     14.6644      1.7446     -0.5843     -4.8539      6.0441      1.7446  1.0000E-10     14.4663  2.0000E+08
     14.8161     13.0000     14.6644      1.7446     -0.6247     -4.8539      6.0340      1.7446  1.0000E-10     14.4663  2.0000E+08
     14.8320     13.0000     14.6644      1.7446     -0.6633     -4.8539      6.0244      1.7446  1.0000E-10     14.4663  2.0000E+08
     14.8479     13.0000     14.6644      1.7446     -0.7003     -4.8539      6.0151      1.7446  1.0000E-10     14.4663  2.0000E+08
     14.8638     13.0000     14.6644      1.7446     -0.7357     -4.8539      6.0063      1.7446  1.0000E-10     14.4663  2.0000E+08
     14.8797     13.0000     14.6644      1.7446     -0.7698     -4.8539      5.9978      1.7446  1.0000E-10     14.4663  2.0000E+08
     14.8956     13.0000     14.6644      1.7446     -0.8026     -4.8539      5.9896      1.7446  1.0000E-10     14.4663  2.0000E+08
     14.9115     13.0000     14.6644      1.7446     -0.8342     -4.8539      5.9817      1.7446  1.0000E-10     14.4663  2.0000E+08
     14.9274     13.0000     14.6644      1.7446     -0.8646     -4.8539      5.9740      1.7446  1.0000E-10     14.4663  2.0000E+08
     14.9433     13.0000     14.6644      1.7446     -0.8941     -4.8539      5.9667      1.7446  1.0000E-10     14.4663  2.0000E+08
     14.9592     13.0000     14.6644      1.7446     -0.9226     -4.8539      5.9596      1.7446  1.0000E-10     14.4663  2.0000E+08
     14.9751     13.0000     14.6644      1.7446     -0.9501     -4.8539      5.9527      1.7446  1.0000E-10     14.4663  2.0000E+08
     14.9910     13.0000     14.6644      1.7446     -0.9769     -4.8539      5.9460      1.7446  1.0000E-10     14.4663  2.0000E+08
     15.0069     13.0000     14.6644      1.7446     -1.0028     -4.8539      5.9395      1.7446  1.0000E-10     14.4663  2.0000E+08
     15.0228     13.0000     14.6644      1.7446     -1.0280     -4.8539      5.9332      1.7446  1.0000E-10     14.4663  2.0000E+08
     15.0387     13.0000     14.6644      1.7446     -1.0524     -4.8539      5.9271      1.7446  1.0000E-10     14.4663  2.0000E+08
     15.0546     13.0000     14.6644      1.7446     -1.0762     -4.8539      5.9211      1.7446  1.0000E-10     14.4663  2.0000E+08
     15.0705     13.0000     14.6644      1.7446     -1.0994     -4.8539      5.9154      1.7446  1.0000E-10     14.4663  2.0000E+08
     15.0864     13.0000     14.6644      1.7446     -1.1220     -4.8539      5.9097      1.7446  1.0000E-10     14.4663  2.0000E+08
     15.1023     13.0000     14.6644      1.7446     -1.1440     -4.8539      5.9042      1.7446  1.0000E-10     14.4663  2.0000E+08
     15.1182     13.0000     14.6644      1.7446     -1.1654     -4.8539      5.8989      1.7446  1.0000E-10     14.4663  2.0000E+08
     15.1341     13.0000     14.6644      1.7446     -1.1863     -4.8539      5.8936      1.7446  1.0000E-10     14.4663  2.0000E+08
     15.1500     13.0000     14.6644      1.7446     -1.2068     -4.8539      5.8885      1.7446  1.0000E-10     14.4663  2.0000E+08
     15.1659     13.0000     14.6644      1.7446     -1.2267     -4.8539      5.8835      1.7446  1.0000E-10     14.4663  2.0000E+08
     15.1818     13.0000     14.6644      1.7446     -1.2463     -4.8539      5.8786      1.7446  1.0000E-10     14.4663  2.0000E+08
     15.1977     13.0000     14.6644      1.7446     -1.2654     -4.8539      5.8739      1.7446  1.0000E-10     14.4663  2.0000E+08
     15.2136     13.0000     14.6644      1.7446     -1.2840     -4.8539      5.8692      1.7446  1.0000E-10     14.4663  2.0000E+08
     15.2295     13.0000     14.6644      1.7446     -1.3023     -4.8539      5.8646      1.7446  1.0000E-10     14.4663  2.0000E+08
     15.2454     13.0000     14.6644      1.7446     -1.3202     -4.8539      5.8601      1.7446  1.0000E-10     14.4663  2.0000E+08
     15.2613     13.0000     14.6644      1.7446     -1.3378     -4.8539      5.8558      1.7446  1.0000E-10     14.4663  2.0000E+08
     15.2772     13.0000     14.6644      1.7446     -1.3550     -4.8539      5.8515      1.7446  1.0000E-10     14.4663  2.0000E+08
     15.2931     13.0000     14.6644      1.7446     -1.3718     -4.8539      5.8472      1.7446  1.0000E-10     14.4663  2.0000E+08
     15.3090     13.0000     14.6644      1.7446     -1.3884     -4.8539      5.8431      1.7446  1.0000E-10     14.4663  2.0000E+08
     15.3249     13.0000     14.6644      1.7446     -1.4046     -4.8539      5.8390      1.7446  1.0000E-10     14.4663  2.0000E+08
     15.3408     13.0000     14.6644      1.7446     -1.4206     -4.8539      5.8351      1.7446  1.0000E-10     14.4663  2.0000E+08
     15.3567     13.0000     14.6644      1.7446     -1.4362     -4.8539      5.8312      1.7446  1.0000E-10     14.4663  2.0000E+08
     15.3726     13.0000     14.6644      1.7446     -1.4516     -4.8539      5.8273      1.7446  1.0000E-10     14.4663  2.0000E+08
     15.3885     13.0000     14.6644      1.7446     -1.4667     -4.8539      5.8235      1.7446  1.0000E-10     14.4663  2.0000E+08
     15.4044     13.0000     14.6644      1.7446     -1.4815     -4.8539      5.8198      1.7446  1.0000E-10     14.4663  2.0000E+08
     15.4203     13.0000     14.6644      1.7446     -1.4961     -4.8539      5.8162      1.7446  1.0000E-10     14.4663  2.0000E+08
     15.4362     13.0000     14.6644      1.7446     -1.5105     -4.8539      5.8126      1.7446  1.0000E-10     14.4663  2.0000E+08
     15.4521     13.0000     14.6644      1.7446     -1.5246     -4.8539      5.8091      1.7446  1.0000E-10     14.4663  2.0000E+08
     15.4680     13.0000     14.6644      1.7446     -1.5385     -4.8539      5.8056      1.7446  1.0000E-10     14.4663  2.0000E+08
     15.4839     13.0000     14.6644      1.7446     -1.5522     -4.8539      5.8022      1.7446  1.0000E-10     14.4663  2.0000E+08
     15.4998     13.0000     14.6644      1.7446     -1.5657     -4.8539      5.7988      1.7446  1.0000E-10     14.4663  2.0000E+08
     15.5157     13.0000     14.6644      1.7446     -1.5789     -4.8539      5.7955      1.7446  1.0000E-10     14.4663  2.0000E+08
     15.5316     13.0000     14.6644      1.7446     -1.5920     -4.8539      5.7922      1.7446  1.0000E-10     14.4663  2.0000E+08
     15.5475     13.0000     14.6644      1.7446     -1.6049     -4.8539      5.7890      1.7446  1.0000E-10     14.4663  2.0000E+08
     15.5634     13.0000     14.6644      1.7446     -1.6175     -4.8539      5.7858      1.7446  1.0000E-10     14.4663  2.0000E+08
     15.5793     13.0000     14.6644      1.7446     -1.6300     -4.8539      5.7827      1.7446  1.0000E-10     14.4663  2.0000E+08
     15.5952     13.0000     14.6644      1.7446     -1.6424     -4.8539      5.7796      1.7446  1.0000E-10     14.4663  2.0000E+08
     15.6111     13.0000     14.6644      1.7446     -1.6545     -4.8539      5.7766      1.7446  1.0000E-10     14.4663  2.0000E+08
     15.6270     13.0000     14.6644      1.7446     -1.6665     -4.8539      5.7736      1.7446  1.0000E-10     14.4663  2.0000E+08
     15.6429     13.0000     14.6644      1.7446     -1.6783     -4.8539      5.7706      1.7446  1.0000E-10     14.4663  2.0000E+08
     15.6588     13.0000     14.6644      1.7446     -1.6900     -4.8539      5.7677      1.7446  1.0000E-10     14.4663  2.0000E+08
     15.6747     13.0000     14.6644      1.7446     -1.7015     -4.8539      5.7648      1.7446  1.0000E-10     14.4663  2.0000E+08
     15.6906     13.0000     14.6644      1.7446     -1.7128     -4.8539      5.7620      1.7446  1.0000E-10     14.4663  2.0000E+08
     15.7065     13.0000     14.6644      1.7446     -1.7240     -4.8539      5.7592      1.7446  1.0000E-10     14.4663  2.0000E+08
     15.7224     13.0000     14.6644      1.7446     -1.7351     -4.8539      5.7564      1.7446  1.0000E-10     14.4663  2.0000E+08
     15.7383     13.0000     14.6644      1.7446     -1.7460     -4.8539      5.7537      1.7446  1.0000E-10     14.4663  2.0000E+08
     15.7542     13.0000     14.6644      1.7446     -1.7568     -4.8539      5.7510      1.7446  1.0000E-10     14.4663  2.0000E+08
     15.7701     13.0000     14.6644      1.7446     -1.7675     -4.8539      5.7483      1.7446  1.0000E-10     14.4663  2.0000E+08
     15.7860     13.0000     14.6644      1.7446     -1.7780     -4.8539      5.7457      1.7446  1.0000E-10     14.4663  2.0000E+08
     15.8019     13.0000     14.6644      1.7446     -1.7884     -4.8539      5.7431      1.7446  1.0000E-10     14.4663  2.0000E+08
     15.8178     13.0000     14.6644      1.7446     -1.7987     -4.8539      5.7405      1.7446  1.0000E-10     14.4663  2.0000E+08
     15.8337     13.0000     14.6644      1.7446     -1.8088     -4.8539      5.7380      1.7446  1.0000E-10     14.4663  2.0000E+08
     15.8496     13.0000     14.6644      1.7446     -1.8189     -4.8539      5.7355      1.7446  1.0000E-10     14.4663  2.0000E+08
     15.8655     13.0000     14.6644      1.7446     -1.8288     -4.8539      5.7330      1.7446  1.0000E-10     14.4663  2.0000E+08
     15.8814     13.0000     14.6644      1.7446     -1.8386     -4.8539      5.7306      1.7446  1.0000E-10     14.4663  2.0000E+08
     15.8973     13.0000     14.6644      1.7446     -1.8483     -4.8539      5.7281      1.7446  1.0000E-10     14.4663  2.0000E+08
     15.9130     13.0000     14.6644      1.7446     -1.8578     -4.8539      5.7258      1.7446  1.0000E-10     14.4663  2.0000E+08